8 18 14 9 16 13 11 10
7 12 16 10 14 15 9 8
10 17 14 8 11 19 13 9
9 10 12 13 14 16 11 15
10 12 15 7 14 17 11 13
11 14 15 9 10 12 18 13
11 14 13 9 15 10 12 16
16 12 9 14 11 17 15 10
13 15 8 12 18 11 14 9
12 13 11 16 9 15 17 10
17 14 13 10 8 15 18 11
12 16 9 15 13 10 11 14
16 14 12 9 15 13 10 17
14 12 10 16 9 13 15 11
15 9 11 13 14 10 18 12
10 13 16 15 9 12 11 14
12 13 16 8 15 11 14 10
16 12 11 14 13 10 15 9
11 15 12 9 14 16 13 10
14 10 11 15 8 13 12 17
8 16 13 14 12 11 15 10
13 15 14 10 9 11 17 12
11 14 13 16 8 12 10 15
12 14 10 15 11 13 16 9
17 9 15 10 13 14 12 11
13 11 16 14 10 12 9 15
15 10 12 17 11 14 13 8
10 15 14 11 13 16 9 12
11 14 13 16 10 15 12 9
15 9 14 13 12 10 16 11
10 15 13 11 14 12 16 9
13 12 14 10 17 11 15 9
16 11 13 10 14 15 9 12
14 12 16 11 9 13 15 10
13 10 15 11 14 12 16 9
15 11 13 12 10 16 9 14
9 12 16 14 11 15 10 13
10 14 15 12 13 9 16 11
11 15 13 12 16 10 14 9
14 13 9 15 12 16 10 11
12 15 10 13 16 11 14 9
16 10 11 14 15 9 13 12
10 10 10 12 16 10 14 9
14 10 16 11 9 15 13 12
12 12 9 9 12 10 12 16
10 14 13 16 9 12 15 11
13 15 10 12 14 9 16 11
15 11 14 13 10 16 12 9
11 14 13 10 15 12 16 9
14 10 16 11 9 15 13 12
13 12 14 9 15 10 11 16
10 14 13 16 9 12 15 11
15 11 13 12 16 10 14 9
14 10 16 11 9 15 13 12
13 12 14 9 15 10 11 16
17 11 14 16 12 10 15 18
20 13 10 16 19 15 12 14
18 22 15 13 10 20 16 14
13 18 15 17 12 20 14 16
14 21 10 18 15 16 12 19
16 13 19 11 17 14 20 15
12 19 16 13 15 18 14 17
22 15 11 20 16 13 18 14
19 16 14 12 21 17 15 13
15 17 14 19 11 16 18 20
15 9 11 13 14 10 18 12
10 13 16 15 9 12 11 14
12 13 16 8 15 11 14 10
16 12 11 14 13 10 15 9
11 15 12 9 14 16 13 10
14 10 11 15 8 13 12 17
8 16 13 14 12 11 15 10
13 15 14 10 9 11 17 12
11 14 13 16 8 12 10 15
12 14 10 15 11 13 16 9
17 9 15 10 13 14 12 11
13 11 16 14 10 12 9 15
15 10 12 17 11 14 13 8
10 15 14 11 13 16 9 12
11 14 13 16 10 15 12 9
15 9 14 13 12 10 16 11
10 15 13 11 14 12 16 9
13 12 14 10 17 11 15 9
16 11 13 10 14 15 9 12
14 12 16 11 9 13 15 10
13 10 15 11 14 12 16 9
15 11 13 12 10 16 9 14
9 12 16 14 11 15 10 13
10 14 15 12 13 9 16 11
11 15 13 12 16 10 14 9
14 13 9 15 12 16 10 11
12 15 10 13 16 11 14 9
16 10 11 14 15 9 13 12
10 10 10 12 16 10 14 9
14 10 16 11 9 15 13 12
12 12 9 9 12 10 12 16
10 14 13 16 9 12 15 11
13 15 10 12 14 9 16 11
15 11 14 13 10 16 12 9
11 14 13 10 15 12 16 9
14 10 16 11 9 15 13 12
13 12 14 9 15 10 11 16
10 14 13 16 9 12 15 11
15 11 13 12 16 10 14 9
14 10 16 11 9 15 13 12
13 12 14 9 15 10 11 16
17 11 14 16 12 10 15 18
20 13 10 16 19 15 12 14
18 22 15 13 10 20 16 14
13 18 15 17 12 20 14 16
14 21 10 18 15 16 12 19
16 13 19 11 17 14 20 15
11 14 13 10 15 12 16 9
14 10 16 11 9 15 13 12
13 12 14 9 15 10 11 16
10 14 13 16 9 12 15 11
15 11 13 12 16 10 14 9
14 10 16 11 9 15 13 12
13 12 14 9 15 10 11 16
17 11 14 16 12 10 15 18
20 13 10 16 19 15 12 14
18 22 15 13 10 20 16 14
13 18 15 17 12 20 14 16
14 21 10 18 15 16 12 19
16 13 19 11 17 14 20 15
12 19 16 13 15 18 14 17
22 15 11 20 16 13 18 14
19 16 14 12 21 17 15 13
15 17 14 19 11 16 18 20
15 9 11 13 14 10 18 12
10 13 16 15 9 12 11 14
12 13 16 8 15 11 14 10
16 12 11 14 13 10 15 9
11 15 12 9 14 16 13 10
14 10 11 15 8 13 12 17
8 16 13 14 12 11 15 10
13 15 14 10 9 11 17 12
11 14 13 16 8 12 10 15
12 14 10 15 11 13 16 9
17 9 15 10 13 14 12 11
13 11 16 14 10 12 9 15
15 10 12 17 11 14 13 8
10 15 14 11 13 16 9 12
11 14 13 16 10 15 12 9
15 9 14 13 12 10 16 11
10 15 13 11 14 12 16 9
13 12 14 10 17 11 15 9
16 11 13 10 14 15 9 12
14 12 16 11 9 13 15 10
13 10 15 11 14 12 16 9
15 11 13 12 10 16 9 14
9 12 16 14 11 15 10 13
10 14 15 12 13 9 16 11
11 15 13 12 16 10 14 9
14 13 9 15 12 16 10 11
12 15 10 13 16 11 14 9
16 10 11 14 15 9 13 12
10 10 10 12 16 10 14 9
14 10 16 11 9 15 13 12
12 12 9 9 12 10 12 16
10 14 13 16 9 12 15 11
13 15 10 12 14 9 16 11
15 11 14 13 10 16 12 9
11 14 13 10 15 12 16 9
10 14 15 12 13 9 16 11
11 15 13 12 16 10 14 9
14 13 9 15 12 16 10 11
12 15 10 13 16 11 14 9
16 10 11 14 15 9 13 12
10 10 10 12 16 10 14 9
14 10 16 11 9 15 13 12
12 12 9 9 12 10 12 16
10 14 13 16 9 12 15 11
13 15 10 12 14 9 16 11
15 11 14 13 10 16 12 9
11 11 11 10 15 11 16 9
14 10 16 11 9 15 13 12
13 12 14 9 15 10 11 16
10 14 13 16 9 12 15 11
15 11 13 12 16 10 14 9
14 10 16 11 9 15 13 12
13 12 14 9 15 10 11 16
17 11 14 16 12 10 15 18
20 13 10 16 19 15 12 14
18 22 15 13 10 20 16 14
13 18 15 17 12 20 14 16
14 21 10 18 15 16 12 19
16 13 19 11 17 14 20 15
11 14 13 10 15 12 16 9
14 10 16 11 9 15 13 12
13 12 14 9 15 10 11 16
10 14 13 16 9 12 15 11
15 11 13 12 16 10 14 9
14 10 16 11 9 15 13 12
13 12 14 9 15 10 11 16
17 11 14 16 12 10 15 18
20 13 10 16 19 15 12 14
18 22 15 13 10 20 16 14
13 18 15 17 12 20 14 16
14 21 10 18 15 16 12 19
16 13 19 11 17 14 20 15
12 19 16 13 15 18 14 17
22 15 11 20 16 13 18 14
19 16 14 12 21 17 15 13
15 17 14 19 11 16 18 20
15 9 11 13 14 10 18 12
10 13 16 15 9 12 11 14
12 13 16 8 15 11 14 10
16 12 11 14 13 10 15 9
11 15 12 9 14 16 13 10
14 10 11 15 8 13 12 17
8 16 13 14 12 11 15 10
13 15 14 10 9 11 17 12
11 14 13 16 8 12 10 15
12 14 10 15 11 13 16 9
9 9 15 10 15 9 12 9
13 11 16 14 10 12 9 15
15 10 12 17 11 14 13 8
10 15 14 11 13 16 9 12
11 14 13 16 10 15 12 9
15 9 14 13 12 10 16 11
10 15 13 11 14 12 16 9
13 12 14 10 17 11 15 9
16 11 13 10 14 15 9 12
14 12 16 11 9 13 15 10
13 10 15 11 14 12 16 9
15 11 13 12 10 16 9 14
9 12 16 14 11 15 10 13